trial,deck,gain,loss,probabilities
1,B,100,0,"[('A', 0.578401), ('B', 0.203463), ('D', 0.142153), ('C', 0.075983)]"
2,A,100,0,"[('A', 0.506314), ('C', 0.322747), ('B', 0.085971), ('D', 0.084968)]"
3,B,80,0,"[('A', 0.337681), ('C', 0.274461), ('B', 0.22377), ('D', 0.164088)]"
4,A,120,0,"[('C', 0.410756), ('D', 0.29204), ('B', 0.177908), ('A', 0.119296)]"
5,B,110,0,"[('C', 0.531793), ('B', 0.222661), ('D', 0.205783), ('A', 0.039763)]"
6,A,80,150,"[('C', 0.500778), ('B', 0.273965), ('D', 0.135994), ('A', 0.089263)]"
7,B,120,0,"[('B', 0.456355), ('C', 0.29405), ('A', 0.137229), ('D', 0.112366)]"
8,B,90,0,"[('B', 0.532533), ('C', 0.23172), ('A', 0.184872), ('D', 0.050875)]"
9,C,50,0,"[('B', 0.389809), ('A', 0.307589), ('C', 0.232513), ('D', 0.070089)]"
10,C,60,0,"[('B', 0.468452), ('D', 0.339666), ('C', 0.176411), ('A', 0.015471)]"
11,D,50,0,"[('C', 0.775551), ('D', 0.194757), ('B', 0.023808), ('A', 0.005884)]"
12,D,40,0,"[('D', 0.968557), ('C', 0.022634), ('B', 0.004569), ('A', 0.00424)]"
13,D,45,0,"[('D', 0.964089), ('C', 0.020882), ('A', 0.008933), ('B', 0.006096)]"
14,D,45,0,"[('D', 0.943844), ('A', 0.032237), ('C', 0.015782), ('B', 0.008137)]"
15,D,55,0,"[('D', 0.992588), ('C', 0.003813), ('B', 0.002067), ('A', 0.001532)]"
16,D,60,0,"[('D', 0.978393), ('C', 0.00969), ('B', 0.008038), ('A', 0.003879)]"
17,D,40,0,"[('D', 0.99589), ('C', 0.0018), ('A', 0.001199), ('B', 0.001112)]"
18,D,55,0,"[('D', 0.991378), ('C', 0.004617), ('B', 0.002319), ('A', 0.001685)]"
19,D,50,0,"[('D', 0.996467), ('C', 0.002356), ('B', 0.000897), ('A', 0.00028)]"
20,D,60,250,"[('D', 0.998347), ('C', 0.000788), ('B', 0.000697), ('A', 0.000168)]"
21,C,40,50,"[('B', 0.38381), ('A', 0.280237), ('C', 0.192203), ('D', 0.14375)]"
22,C,55,0,"[('C', 0.872101), ('B', 0.095712), ('D', 0.018004), ('A', 0.014183)]"
23,C,55,50,"[('C', 0.966957), ('D', 0.032545), ('B', 0.000402), ('A', 9.6e-05)]"
24,B,100,0,"[('C', 0.945353), ('D', 0.02479), ('B', 0.019651), ('A', 0.010206)]"
25,B,90,0,"[('B', 0.991455), ('C', 0.004188), ('A', 0.003712), ('D', 0.000645)]"
26,B,120,0,"[('B', 0.992545), ('A', 0.003842), ('C', 0.003468), ('D', 0.000145)]"
27,B,110,1250,"[('B', 0.999054), ('A', 0.000563), ('C', 0.000367), ('D', 1.6e-05)]"
28,C,45,0,"[('C', 0.573007), ('A', 0.342202), ('D', 0.043543), ('B', 0.041248)]"
29,C,50,50,"[('C', 0.987257), ('D', 0.008429), ('B', 0.003083), ('A', 0.001231)]"
30,C,45,0,"[('C', 0.953026), ('B', 0.021139), ('D', 0.015859), ('A', 0.009975)]"
31,D,55,0,"[('C', 0.730787), ('D', 0.268333), ('B', 0.000624), ('A', 0.000256)]"
32,D,40,0,"[('D', 0.998624), ('C', 0.001112), ('A', 0.000169), ('B', 9.5e-05)]"
33,D,60,0,"[('D', 0.99856), ('C', 0.000747), ('A', 0.000431), ('B', 0.000263)]"
34,D,40,0,"[('D', 0.99868), ('B', 0.000462), ('A', 0.000436), ('C', 0.000422)]"
35,D,45,0,"[('D', 0.999287), ('C', 0.00051), ('B', 0.000107), ('A', 9.6e-05)]"
36,D,55,0,"[('D', 0.99956), ('C', 0.000221), ('A', 0.000139), ('B', 8e-05)]"
37,D,65,0,"[('D', 0.999724), ('C', 0.000149), ('B', 0.000107), ('A', 2e-05)]"
38,D,70,0,"[('D', 0.995815), ('B', 0.001752), ('A', 0.001273), ('C', 0.00116)]"
39,D,50,0,"[('D', 0.997418), ('A', 0.001287), ('B', 0.000738), ('C', 0.000558)]"
40,D,70,275,"[('D', 0.999147), ('C', 0.000375), ('B', 0.000276), ('A', 0.000202)]"
41,C,60,50,"[('C', 0.986257), ('B', 0.006956), ('A', 0.006337), ('D', 0.00045)]"
42,C,40,50,"[('C', 0.985342), ('B', 0.01037), ('D', 0.002513), ('A', 0.001775)]"
43,C,55,0,"[('C', 0.983072), ('B', 0.008955), ('A', 0.006377), ('D', 0.001596)]"
44,C,55,25,"[('C', 0.981188), ('D', 0.018057), ('B', 0.000708), ('A', 4.7e-05)]"
45,B,80,0,"[('B', 0.616914), ('C', 0.374423), ('D', 0.008146), ('A', 0.000517)]"
46,B,110,0,"[('B', 0.999964), ('A', 3.4e-05), ('C', 2e-06), ('D', 0.0)]"
47,B,100,0,"[('B', 0.998842), ('A', 0.001067), ('C', 5.5e-05), ('D', 3.5e-05)]"
48,B,90,0,"[('B', 0.995639), ('A', 0.004269), ('C', 5.4e-05), ('D', 3.8e-05)]"
49,B,130,1500,"[('B', 0.997544), ('A', 0.002326), ('C', 7.3e-05), ('D', 5.6e-05)]"
50,D,60,0,"[('C', 0.984144), ('A', 0.013872), ('D', 0.001575), ('B', 0.000409)]"
51,C,65,75,"[('D', 0.580446), ('C', 0.358034), ('A', 0.054818), ('B', 0.006702)]"
52,A,90,0,"[('C', 0.963731), ('A', 0.013826), ('D', 0.01124), ('B', 0.011203)]"
53,A,110,300,"[('A', 0.917217), ('B', 0.05469), ('C', 0.027128), ('D', 0.000966)]"
54,C,45,0,"[('C', 0.905835), ('A', 0.06058), ('D', 0.025207), ('B', 0.008378)]"
55,C,70,25,"[('C', 0.945266), ('D', 0.031417), ('B', 0.0156), ('A', 0.007717)]"
56,C,40,0,"[('C', 0.915276), ('B', 0.047595), ('D', 0.034572), ('A', 0.002557)]"
57,D,55,0,"[('C', 0.793832), ('D', 0.205065), ('B', 0.001003), ('A', 0.0001)]"
58,D,65,0,"[('D', 0.999529), ('C', 0.000436), ('B', 2.3e-05), ('A', 1.1e-05)]"
59,D,80,0,"[('D', 0.99973), ('B', 0.000166), ('C', 9.7e-05), ('A', 7e-06)]"
60,D,40,0,"[('D', 0.959739), ('B', 0.039861), ('C', 0.00023), ('A', 0.000171)]"
61,D,80,0,"[('D', 0.995632), ('C', 0.003146), ('A', 0.00087), ('B', 0.000352)]"
62,D,40,0,"[('D', 0.977975), ('B', 0.020184), ('A', 0.001011), ('C', 0.000831)]"
63,D,65,0,"[('D', 0.994034), ('C', 0.004507), ('A', 0.001095), ('B', 0.000364)]"
64,D,55,300,"[('D', 0.990649), ('C', 0.007476), ('B', 0.001753), ('A', 0.000121)]"
65,C,50,25,"[('C', 0.981137), ('A', 0.012234), ('B', 0.006252), ('D', 0.000377)]"
66,A,100,0,"[('C', 0.833627), ('A', 0.095358), ('B', 0.056124), ('D', 0.01489)]"
67,A,80,200,"[('A', 0.940529), ('B', 0.057023), ('C', 0.002374), ('D', 7.4e-05)]"
68,D,60,0,"[('C', 0.945778), ('B', 0.031935), ('A', 0.018277), ('D', 0.00401)]"
69,D,65,0,"[('D', 0.980314), ('C', 0.016907), ('B', 0.001706), ('A', 0.001073)]"
70,D,75,0,"[('D', 0.999742), ('C', 0.000161), ('B', 7.2e-05), ('A', 2.5e-05)]"
71,D,60,0,"[('D', 0.993063), ('A', 0.004931), ('B', 0.001399), ('C', 0.000607)]"
72,D,65,0,"[('D', 0.999017), ('B', 0.000583), ('C', 0.000262), ('A', 0.000137)]"
73,D,75,325,"[('D', 0.995499), ('C', 0.002929), ('B', 0.000791), ('A', 0.000782)]"
74,C,60,75,"[('C', 0.984797), ('A', 0.00889), ('B', 0.00604), ('D', 0.000272)]"
75,A,120,0,"[('A', 0.549124), ('C', 0.424742), ('B', 0.024386), ('D', 0.001749)]"
76,A,110,250,"[('A', 0.990431), ('B', 0.009211), ('C', 0.000355), ('D', 3e-06)]"
77,C,70,0,"[('C', 0.966599), ('B', 0.020302), ('A', 0.007123), ('D', 0.005975)]"
78,C,40,50,"[('C', 0.991939), ('B', 0.004197), ('D', 0.003828), ('A', 3.6e-05)]"
79,C,60,0,"[('C', 0.993911), ('A', 0.004075), ('B', 0.001079), ('D', 0.000936)]"
80,C,65,25,"[('C', 0.906819), ('D', 0.093062), ('B', 0.000106), ('A', 1.3e-05)]"
81,C,55,0,"[('D', 0.453755), ('C', 0.423108), ('B', 0.121722), ('A', 0.001415)]"
82,D,85,0,"[('C', 0.943139), ('D', 0.056823), ('B', 2.8e-05), ('A', 1e-05)]"
83,D,45,0,"[('D', 0.998969), ('B', 0.000485), ('A', 0.000411), ('C', 0.000134)]"
84,D,55,0,"[('D', 0.999813), ('C', 0.000117), ('B', 4.4e-05), ('A', 2.5e-05)]"
85,D,70,0,"[('D', 0.999947), ('C', 3.9e-05), ('B', 1e-05), ('A', 3e-06)]"
86,D,55,0,"[('D', 0.999318), ('B', 0.000484), ('A', 0.000102), ('C', 9.7e-05)]"
87,D,70,0,"[('D', 0.999774), ('C', 0.000157), ('B', 6.2e-05), ('A', 7e-06)]"
88,D,80,0,"[('D', 0.998828), ('B', 0.000762), ('C', 0.000213), ('A', 0.000197)]"
89,D,65,0,"[('D', 0.987814), ('B', 0.006792), ('A', 0.005355), ('C', 3.9e-05)]"
90,D,70,0,"[('D', 0.999664), ('C', 0.000183), ('B', 0.000136), ('A', 1.7e-05)]"
91,D,80,350,"[('D', 0.998821), ('B', 0.000607), ('C', 0.000481), ('A', 9.1e-05)]"
92,C,80,50,"[('C', 0.996278), ('B', 0.001791), ('A', 0.001779), ('D', 0.000152)]"
93,C,40,25,"[('C', 0.873032), ('B', 0.091272), ('A', 0.034026), ('D', 0.001671)]"
94,C,60,50,"[('C', 0.966295), ('A', 0.025423), ('B', 0.006869), ('D', 0.001413)]"
95,A,90,350,"[('C', 0.992613), ('B', 0.003031), ('D', 0.002455), ('A', 0.0019)]"
96,C,55,0,"[('C', 0.986264), ('B', 0.007974), ('D', 0.003213), ('A', 0.002549)]"
97,D,90,0,"[('D', 0.81836), ('C', 0.181371), ('B', 0.000241), ('A', 2.9e-05)]"
98,D,50,0,"[('D', 0.928427), ('B', 0.070053), ('C', 0.001375), ('A', 0.000145)]"
99,D,60,0,"[('D', 0.99956), ('C', 0.000379), ('B', 5e-05), ('A', 1.1e-05)]"
100,D,75,0,"[('D', 0.999005), ('C', 0.000901), ('B', 6e-05), ('A', 3.4e-05)]"
