trial,deck,gain,loss,probabilities
1,E,100,0,"[('E', 0.453832), ('G', 0.234023), ('H', 0.230126), ('F', 0.082019)]"
2,E,120,0,"[('G', 0.496397), ('F', 0.291626), ('H', 0.163505), ('E', 0.048472)]"
3,E,80,150,"[('E', 0.780128), ('G', 0.126373), ('F', 0.056984), ('H', 0.036515)]"
4,H,50,0,"[('H', 0.322626), ('G', 0.245817), ('E', 0.224992), ('F', 0.206565)]"
5,H,40,0,"[('H', 0.636147), ('F', 0.167682), ('G', 0.151255), ('E', 0.044916)]"
6,H,45,0,"[('H', 0.949561), ('F', 0.024135), ('E', 0.014381), ('G', 0.011923)]"
7,H,45,0,"[('H', 0.965459), ('F', 0.020978), ('E', 0.00823), ('G', 0.005332)]"
8,H,55,0,"[('H', 0.996097), ('F', 0.002739), ('E', 0.000938), ('G', 0.000226)]"
9,H,60,0,"[('H', 0.96791), ('F', 0.023714), ('E', 0.006966), ('G', 0.00141)]"
10,H,40,0,"[('H', 0.99446), ('F', 0.003015), ('E', 0.001922), ('G', 0.000603)]"
11,H,55,0,"[('H', 0.995529), ('E', 0.002857), ('F', 0.001381), ('G', 0.000234)]"
12,H,50,0,"[('H', 0.993451), ('E', 0.003712), ('F', 0.002361), ('G', 0.000476)]"
13,H,60,250,"[('H', 0.996051), ('E', 0.002682), ('F', 0.001045), ('G', 0.000222)]"
14,H,55,0,"[('H', 0.8254), ('F', 0.087637), ('E', 0.045688), ('G', 0.041274)]"
15,H,40,0,"[('H', 0.994615), ('E', 0.002684), ('F', 0.002024), ('G', 0.000677)]"
16,H,60,0,"[('H', 0.995101), ('F', 0.002604), ('E', 0.001726), ('G', 0.000569)]"
17,H,40,0,"[('H', 0.996325), ('F', 0.001821), ('E', 0.001456), ('G', 0.000398)]"
18,H,45,0,"[('H', 0.994434), ('E', 0.00297), ('F', 0.002415), ('G', 0.000182)]"
19,H,55,0,"[('H', 0.9937), ('E', 0.004812), ('F', 0.001284), ('G', 0.000204)]"
20,H,65,0,"[('H', 0.99869), ('E', 0.000748), ('F', 0.00049), ('G', 7.1e-05)]"
21,H,70,0,"[('H', 0.996386), ('F', 0.002023), ('E', 0.001151), ('G', 0.00044)]"
22,H,50,0,"[('H', 0.998045), ('E', 0.000925), ('F', 0.000771), ('G', 0.00026)]"
23,H,70,275,"[('H', 0.996945), ('F', 0.001517), ('E', 0.001294), ('G', 0.000243)]"
24,H,60,0,"[('H', 0.96315), ('F', 0.01995), ('G', 0.008613), ('E', 0.008287)]"
25,H,55,0,"[('H', 0.992225), ('F', 0.003374), ('E', 0.00304), ('G', 0.001361)]"
26,E,90,0,"[('H', 0.995565), ('F', 0.002028), ('E', 0.001969), ('G', 0.000438)]"
27,E,110,300,"[('E', 0.95937), ('H', 0.018747), ('F', 0.011306), ('G', 0.010578)]"
28,H,65,0,"[('E', 0.904185), ('H', 0.03929), ('G', 0.03527), ('F', 0.021255)]"
29,H,80,0,"[('H', 0.993367), ('E', 0.004852), ('G', 0.00159), ('F', 0.000192)]"
30,H,40,0,"[('H', 0.997394), ('E', 0.001233), ('F', 0.000913), ('G', 0.00046)]"
31,H,80,0,"[('H', 0.99944), ('E', 0.000509), ('G', 2.8e-05), ('F', 2.2e-05)]"
32,H,40,0,"[('H', 0.997763), ('E', 0.001868), ('F', 0.000329), ('G', 4e-05)]"
33,H,65,0,"[('H', 0.99949), ('E', 0.000437), ('F', 6.8e-05), ('G', 5e-06)]"
34,H,55,300,"[('H', 0.99988), ('E', 9.2e-05), ('F', 2.5e-05), ('G', 3e-06)]"
35,H,60,0,"[('H', 0.956286), ('E', 0.034033), ('F', 0.006592), ('G', 0.003089)]"
36,H,65,0,"[('H', 0.99735), ('E', 0.001679), ('G', 0.000544), ('F', 0.000428)]"
37,H,75,0,"[('H', 0.999641), ('E', 0.000315), ('F', 2.8e-05), ('G', 1.6e-05)]"
38,H,60,0,"[('H', 0.999406), ('E', 0.000489), ('F', 0.000101), ('G', 5e-06)]"
39,H,65,0,"[('H', 0.999145), ('E', 0.00077), ('F', 5.5e-05), ('G', 3e-05)]"
40,H,75,325,"[('H', 0.999975), ('E', 2.2e-05), ('F', 3e-06), ('G', 1e-06)]"
41,H,85,0,"[('H', 0.985235), ('E', 0.010158), ('F', 0.002597), ('G', 0.00201)]"
42,H,45,0,"[('H', 0.998309), ('E', 0.000893), ('F', 0.000483), ('G', 0.000315)]"
43,H,55,0,"[('H', 0.999696), ('E', 0.000266), ('F', 2.6e-05), ('G', 1.1e-05)]"
44,H,70,0,"[('H', 0.999809), ('E', 0.000154), ('F', 2.3e-05), ('G', 1.3e-05)]"
45,H,55,0,"[('H', 0.999622), ('E', 0.000355), ('F', 1.8e-05), ('G', 5e-06)]"
46,H,70,0,"[('H', 0.999417), ('E', 0.000549), ('F', 2.8e-05), ('G', 6e-06)]"
47,H,80,0,"[('H', 0.999562), ('E', 0.000414), ('F', 1.8e-05), ('G', 6e-06)]"
48,H,65,0,"[('H', 0.998419), ('E', 0.001471), ('F', 8.2e-05), ('G', 2.8e-05)]"
49,H,70,0,"[('H', 0.999922), ('E', 7.2e-05), ('F', 4e-06), ('G', 2e-06)]"
50,H,80,350,"[('H', 0.999845), ('E', 0.000138), ('F', 1.2e-05), ('G', 5e-06)]"
51,H,90,0,"[('H', 0.985321), ('E', 0.010231), ('F', 0.003321), ('G', 0.001126)]"
52,H,50,0,"[('H', 0.999047), ('E', 0.000842), ('F', 6.7e-05), ('G', 4.4e-05)]"
53,H,60,0,"[('H', 0.999852), ('E', 9.6e-05), ('F', 3.8e-05), ('G', 1.4e-05)]"
54,H,75,0,"[('H', 0.999952), ('E', 3.8e-05), ('G', 5e-06), ('F', 5e-06)]"
55,H,60,0,"[('H', 0.998023), ('E', 0.001592), ('F', 0.000283), ('G', 0.000102)]"
56,H,75,0,"[('H', 0.9996), ('E', 0.000367), ('F', 2.6e-05), ('G', 8e-06)]"
57,H,85,0,"[('H', 0.999746), ('E', 0.000228), ('F', 1.8e-05), ('G', 8e-06)]"
58,H,70,0,"[('H', 0.999938), ('E', 5.6e-05), ('F', 5e-06), ('G', 1e-06)]"
59,H,75,0,"[('H', 0.999881), ('E', 0.000102), ('F', 1.4e-05), ('G', 4e-06)]"
60,H,85,0,"[('H', 0.999985), ('E', 1.3e-05), ('F', 2e-06), ('G', 0.0)]"
61,H,95,0,"[('H', 0.999929), ('E', 5.5e-05), ('F', 1.1e-05), ('G', 5e-06)]"
62,H,55,0,"[('H', 0.999937), ('E', 5.3e-05), ('F', 9e-06), ('G', 2e-06)]"
63,H,65,375,"[('H', 0.99942), ('E', 0.000532), ('F', 3.6e-05), ('G', 1.2e-05)]"
64,H,80,0,"[('H', 0.971381), ('E', 0.018513), ('F', 0.007918), ('G', 0.002188)]"
65,H,65,0,"[('H', 0.99985), ('E', 0.00011), ('G', 2.5e-05), ('F', 1.4e-05)]"
66,G,50,0,"[('G', 0.680651), ('E', 0.258019), ('F', 0.061154), ('H', 0.000176)]"
67,E,100,0,"[('G', 0.637538), ('E', 0.316072), ('F', 0.046374), ('H', 1.7e-05)]"
68,F,100,0,"[('E', 0.564677), ('F', 0.226548), ('G', 0.208772), ('H', 3e-06)]"
69,F,80,0,"[('F', 0.737517), ('E', 0.241326), ('G', 0.021141), ('H', 1.6e-05)]"
70,F,110,0,"[('F', 0.952497), ('E', 0.034586), ('G', 0.012915), ('H', 3e-06)]"
71,F,120,0,"[('F', 0.931657), ('E', 0.058387), ('G', 0.009954), ('H', 2e-06)]"
72,F,90,0,"[('F', 0.744756), ('E', 0.251336), ('G', 0.003904), ('H', 4e-06)]"
73,F,100,0,"[('F', 0.97296), ('E', 0.017217), ('G', 0.009822), ('H', 2e-06)]"
74,F,90,0,"[('F', 0.947762), ('E', 0.047891), ('G', 0.004341), ('H', 6e-06)]"
75,F,120,0,"[('F', 0.928511), ('E', 0.0534), ('G', 0.018077), ('H', 1.1e-05)]"
76,F,110,1250,"[('F', 0.981811), ('E', 0.014219), ('G', 0.003958), ('H', 1.2e-05)]"
77,E,80,200,"[('E', 0.53892), ('G', 0.404752), ('F', 0.056149), ('H', 0.000178)]"
78,E,120,0,"[('E', 0.966265), ('G', 0.024231), ('F', 0.009442), ('H', 6.3e-05)]"
79,E,110,250,"[('E', 0.984929), ('G', 0.012141), ('F', 0.002909), ('H', 2.1e-05)]"
80,E,90,350,"[('E', 0.956712), ('G', 0.036176), ('F', 0.007091), ('H', 2.1e-05)]"
81,E,110,0,"[('E', 0.907323), ('G', 0.075673), ('F', 0.016987), ('H', 1.7e-05)]"
82,E,130,350,"[('E', 0.998802), ('G', 0.000612), ('F', 0.000583), ('H', 3e-06)]"
83,E,90,0,"[('E', 0.977941), ('G', 0.016131), ('F', 0.005924), ('H', 4e-06)]"
84,E,100,250,"[('E', 0.990481), ('F', 0.005556), ('G', 0.00395), ('H', 1.2e-05)]"
85,E,120,200,"[('E', 0.984311), ('F', 0.007978), ('G', 0.007704), ('H', 7e-06)]"
86,E,110,0,"[('E', 0.980848), ('G', 0.010381), ('F', 0.008749), ('H', 2.2e-05)]"
87,E,90,300,"[('E', 0.987311), ('G', 0.006407), ('F', 0.00628), ('H', 3e-06)]"
88,E,130,150,"[('E', 0.987014), ('F', 0.009636), ('G', 0.003348), ('H', 2e-06)]"
89,G,60,0,"[('E', 0.947171), ('G', 0.041436), ('F', 0.011315), ('H', 7.7e-05)]"
90,G,40,50,"[('G', 0.994354), ('E', 0.004702), ('F', 0.00092), ('H', 2.3e-05)]"
91,G,55,0,"[('G', 0.960861), ('F', 0.020287), ('E', 0.018822), ('H', 3e-05)]"
92,G,55,50,"[('G', 0.999652), ('F', 0.000172), ('E', 0.000127), ('H', 4.8e-05)]"
93,G,45,0,"[('G', 0.987315), ('E', 0.009211), ('F', 0.003444), ('H', 3e-05)]"
94,G,50,50,"[('G', 0.998001), ('E', 0.00162), ('F', 0.000259), ('H', 0.00012)]"
95,G,45,0,"[('G', 0.985491), ('E', 0.012178), ('F', 0.002297), ('H', 3.4e-05)]"
96,G,60,50,"[('G', 0.999355), ('E', 0.000438), ('H', 0.000115), ('F', 9.2e-05)]"
97,G,40,50,"[('G', 0.988236), ('E', 0.009316), ('F', 0.002226), ('H', 0.000221)]"
98,G,55,0,"[('G', 0.953764), ('E', 0.039788), ('F', 0.006426), ('H', 2.2e-05)]"
99,G,55,25,"[('G', 0.999574), ('E', 0.00034), ('F', 7.7e-05), ('H', 9e-06)]"
100,G,65,75,"[('G', 0.999353), ('E', 0.000339), ('F', 0.000306), ('H', 2e-06)]"
