trial,deck,gain,loss,probabilities
1,H,50,0,"[('E', 0.418913), ('G', 0.290855), ('H', 0.20193), ('F', 0.088301)]"
2,H,40,0,"[('H', 0.547726), ('G', 0.25868), ('F', 0.161997), ('E', 0.031597)]"
3,H,45,0,"[('H', 0.977156), ('G', 0.010136), ('E', 0.007498), ('F', 0.005209)]"
4,H,45,0,"[('H', 0.912014), ('F', 0.04263), ('E', 0.02613), ('G', 0.019226)]"
5,H,55,0,"[('H', 0.976075), ('F', 0.009017), ('E', 0.007715), ('G', 0.007194)]"
6,H,60,0,"[('H', 0.98456), ('E', 0.007943), ('F', 0.004934), ('G', 0.002563)]"
7,H,40,0,"[('H', 0.991015), ('E', 0.005109), ('F', 0.002568), ('G', 0.001308)]"
8,H,55,0,"[('H', 0.997583), ('E', 0.001392), ('F', 0.000621), ('G', 0.000405)]"
9,H,50,0,"[('H', 0.99602), ('E', 0.002426), ('F', 0.00116), ('G', 0.000394)]"
10,H,60,250,"[('H', 0.996245), ('E', 0.002636), ('F', 0.000789), ('G', 0.00033)]"
11,H,55,0,"[('H', 0.702396), ('F', 0.225467), ('E', 0.055896), ('G', 0.016241)]"
12,H,40,0,"[('H', 0.97732), ('F', 0.012205), ('E', 0.008948), ('G', 0.001527)]"
13,H,60,0,"[('H', 0.996261), ('F', 0.001881), ('E', 0.001442), ('G', 0.000416)]"
14,H,40,0,"[('H', 0.9902), ('E', 0.006255), ('F', 0.002807), ('G', 0.000738)]"
15,H,45,0,"[('H', 0.997333), ('E', 0.002112), ('F', 0.000427), ('G', 0.000129)]"
16,H,55,0,"[('H', 0.992637), ('E', 0.007034), ('F', 0.000179), ('G', 0.000149)]"
17,H,65,0,"[('H', 0.99586), ('E', 0.00329), ('F', 0.000746), ('G', 0.000103)]"
18,H,70,0,"[('H', 0.982432), ('E', 0.015628), ('F', 0.001647), ('G', 0.000293)]"
19,H,50,0,"[('H', 0.999766), ('E', 0.000133), ('F', 7.1e-05), ('G', 3e-05)]"
20,H,70,275,"[('H', 0.999519), ('E', 0.000389), ('F', 7.4e-05), ('G', 1.9e-05)]"
21,H,60,0,"[('H', 0.925257), ('E', 0.043109), ('F', 0.021323), ('G', 0.01031)]"
22,H,55,0,"[('H', 0.999379), ('E', 0.000274), ('F', 0.000261), ('G', 8.5e-05)]"
23,H,65,0,"[('H', 0.999622), ('F', 0.00017), ('E', 0.000169), ('G', 3.9e-05)]"
24,H,80,0,"[('H', 0.99957), ('E', 0.000305), ('G', 7e-05), ('F', 5.5e-05)]"
25,H,40,0,"[('H', 0.99975), ('E', 0.000131), ('F', 8.4e-05), ('G', 3.6e-05)]"
26,H,80,0,"[('H', 0.99808), ('E', 0.001406), ('F', 0.00035), ('G', 0.000165)]"
27,H,40,0,"[('H', 0.999814), ('E', 0.000101), ('F', 5.3e-05), ('G', 3.2e-05)]"
28,H,65,0,"[('H', 0.998034), ('E', 0.001563), ('F', 0.000371), ('G', 3.3e-05)]"
29,H,55,300,"[('H', 0.999775), ('E', 0.000135), ('F', 7e-05), ('G', 2e-05)]"
30,H,60,0,"[('H', 0.96209), ('E', 0.027003), ('F', 0.006804), ('G', 0.004103)]"
31,H,65,0,"[('H', 0.99781), ('E', 0.001557), ('F', 0.000319), ('G', 0.000315)]"
32,H,75,0,"[('H', 0.999033), ('E', 0.000605), ('F', 0.000217), ('G', 0.000145)]"
33,H,60,0,"[('H', 0.999686), ('F', 0.000197), ('E', 0.000102), ('G', 1.5e-05)]"
34,H,65,0,"[('H', 0.998772), ('E', 0.000808), ('F', 0.000327), ('G', 9.2e-05)]"
35,H,75,325,"[('H', 0.999923), ('E', 5.3e-05), ('F', 1.9e-05), ('G', 5e-06)]"
36,H,85,0,"[('H', 0.985534), ('E', 0.009373), ('F', 0.003362), ('G', 0.001731)]"
37,H,45,0,"[('H', 0.996532), ('E', 0.002078), ('F', 0.000892), ('G', 0.000498)]"
38,H,55,0,"[('H', 0.998393), ('E', 0.000901), ('F', 0.000619), ('G', 8.6e-05)]"
39,H,70,0,"[('H', 0.998409), ('E', 0.001247), ('G', 0.000172), ('F', 0.000172)]"
40,H,55,0,"[('H', 0.999657), ('E', 0.000228), ('F', 8.6e-05), ('G', 2.8e-05)]"
41,H,70,0,"[('H', 0.999931), ('E', 5.3e-05), ('F', 1.3e-05), ('G', 3e-06)]"
42,H,80,0,"[('H', 0.999944), ('E', 3.4e-05), ('F', 1.9e-05), ('G', 3e-06)]"
43,H,65,0,"[('H', 0.999779), ('E', 0.000131), ('F', 6.8e-05), ('G', 2.2e-05)]"
44,H,70,0,"[('H', 0.999768), ('E', 0.000169), ('F', 5.2e-05), ('G', 1e-05)]"
45,H,80,350,"[('H', 0.999586), ('E', 0.000327), ('F', 6.9e-05), ('G', 1.7e-05)]"
46,H,90,0,"[('H', 0.973388), ('E', 0.017223), ('F', 0.006514), ('G', 0.002875)]"
47,H,50,0,"[('H', 0.999587), ('E', 0.000258), ('F', 8.3e-05), ('G', 7.2e-05)]"
48,H,60,0,"[('H', 0.999461), ('E', 0.000431), ('F', 6.9e-05), ('G', 3.9e-05)]"
49,H,75,0,"[('H', 0.999296), ('E', 0.000556), ('F', 0.000108), ('G', 4e-05)]"
50,H,60,0,"[('H', 0.999266), ('E', 0.000515), ('F', 0.000174), ('G', 4.5e-05)]"
51,H,75,0,"[('H', 0.999561), ('E', 0.000348), ('F', 6.1e-05), ('G', 3e-05)]"
52,H,85,0,"[('H', 0.999765), ('E', 0.000194), ('F', 3.6e-05), ('G', 5e-06)]"
53,H,70,0,"[('H', 0.999744), ('E', 0.000214), ('F', 3.2e-05), ('G', 1e-05)]"
54,H,75,0,"[('H', 0.997591), ('E', 0.001988), ('F', 0.000275), ('G', 0.000145)]"
55,H,85,0,"[('H', 0.999946), ('E', 4.9e-05), ('F', 4e-06), ('G', 1e-06)]"
56,H,95,0,"[('H', 0.999973), ('E', 2.1e-05), ('F', 6e-06), ('G', 1e-06)]"
57,H,55,0,"[('H', 0.999758), ('E', 0.000227), ('F', 1.2e-05), ('G', 3e-06)]"
58,H,65,375,"[('H', 0.986594), ('E', 0.011746), ('F', 0.001227), ('G', 0.000434)]"
59,H,80,0,"[('H', 0.959997), ('E', 0.029799), ('F', 0.007475), ('G', 0.002729)]"
60,H,65,0,"[('H', 0.999992), ('E', 5e-06), ('F', 2e-06), ('G', 1e-06)]"
61,F,100,0,"[('E', 0.540875), ('G', 0.379399), ('F', 0.079644), ('H', 8.2e-05)]"
62,E,100,0,"[('F', 0.527241), ('E', 0.462471), ('G', 0.010265), ('H', 2.3e-05)]"
63,E,120,0,"[('E', 0.929674), ('F', 0.038289), ('G', 0.032035), ('H', 3e-06)]"
64,E,80,150,"[('E', 0.989239), ('G', 0.00746), ('F', 0.003299), ('H', 2e-06)]"
65,E,90,0,"[('E', 0.878128), ('F', 0.094284), ('G', 0.027575), ('H', 1.2e-05)]"
66,E,110,300,"[('E', 0.995067), ('G', 0.003218), ('F', 0.001714), ('H', 1e-06)]"
67,G,50,0,"[('E', 0.909782), ('F', 0.065931), ('G', 0.024285), ('H', 2e-06)]"
68,G,60,0,"[('G', 0.982178), ('E', 0.016218), ('F', 0.001576), ('H', 2.8e-05)]"
69,G,40,50,"[('G', 0.997096), ('E', 0.001945), ('F', 0.000958), ('H', 1e-06)]"
70,E,100,0,"[('G', 0.402219), ('E', 0.398842), ('F', 0.19888), ('H', 5.9e-05)]"
71,E,80,200,"[('E', 0.998979), ('F', 0.000541), ('G', 0.000476), ('H', 4e-06)]"
72,G,55,0,"[('E', 0.923312), ('G', 0.046987), ('F', 0.02969), ('H', 1e-05)]"
73,F,80,0,"[('G', 0.878056), ('E', 0.103446), ('F', 0.018486), ('H', 1.2e-05)]"
74,F,110,0,"[('F', 0.992404), ('G', 0.00645), ('E', 0.001076), ('H', 6.9e-05)]"
75,F,120,0,"[('F', 0.976851), ('E', 0.020355), ('G', 0.002781), ('H', 1.2e-05)]"
76,F,90,0,"[('F', 0.980373), ('E', 0.01794), ('G', 0.001672), ('H', 1.5e-05)]"
77,F,100,0,"[('F', 0.98356), ('E', 0.013774), ('G', 0.002659), ('H', 7e-06)]"
78,F,90,0,"[('F', 0.994027), ('E', 0.004663), ('G', 0.001302), ('H', 8e-06)]"
79,F,120,0,"[('F', 0.979968), ('E', 0.014923), ('G', 0.005105), ('H', 5e-06)]"
80,F,110,1250,"[('F', 0.984027), ('E', 0.015212), ('G', 0.000754), ('H', 7e-06)]"
81,G,55,50,"[('E', 0.653554), ('G', 0.249123), ('F', 0.097122), ('H', 0.0002)]"
82,F,80,0,"[('G', 0.79244), ('E', 0.199225), ('F', 0.0083), ('H', 3.6e-05)]"
83,F,110,0,"[('F', 0.583977), ('G', 0.385671), ('E', 0.030272), ('H', 8e-05)]"
84,G,45,0,"[('F', 0.99325), ('G', 0.004025), ('E', 0.002715), ('H', 9e-06)]"
85,F,100,0,"[('G', 0.809663), ('E', 0.096347), ('F', 0.093946), ('H', 4.4e-05)]"
86,G,50,50,"[('F', 0.95508), ('G', 0.03407), ('E', 0.010847), ('H', 3e-06)]"
87,F,90,0,"[('F', 0.71155), ('G', 0.224037), ('E', 0.064405), ('H', 8e-06)]"
88,F,130,1500,"[('F', 0.919704), ('G', 0.078759), ('E', 0.001534), ('H', 3e-06)]"
89,E,120,0,"[('G', 0.756074), ('E', 0.234949), ('F', 0.008929), ('H', 4.8e-05)]"
90,E,110,250,"[('E', 0.997513), ('G', 0.001942), ('F', 0.000543), ('H', 1e-06)]"
91,E,90,350,"[('E', 0.986075), ('G', 0.010155), ('F', 0.003764), ('H', 6e-06)]"
92,E,110,0,"[('E', 0.967124), ('G', 0.028294), ('F', 0.004568), ('H', 1.4e-05)]"
93,E,130,350,"[('E', 0.995547), ('G', 0.00372), ('F', 0.00073), ('H', 3e-06)]"
94,E,90,0,"[('E', 0.969093), ('G', 0.023401), ('F', 0.007503), ('H', 3e-06)]"
95,E,100,250,"[('E', 0.991882), ('F', 0.006009), ('G', 0.002106), ('H', 3e-06)]"
96,E,120,200,"[('E', 0.991242), ('F', 0.005253), ('G', 0.003503), ('H', 1e-06)]"
97,E,110,0,"[('E', 0.982576), ('G', 0.013271), ('F', 0.004143), ('H', 9e-06)]"
98,E,90,300,"[('E', 0.966405), ('G', 0.030615), ('F', 0.002974), ('H', 6e-06)]"
99,E,130,150,"[('E', 0.990837), ('G', 0.00508), ('F', 0.004081), ('H', 2e-06)]"
100,E,120,250,"[('E', 0.983219), ('G', 0.013865), ('F', 0.002869), ('H', 4.7e-05)]"
