trial,deck,gain,loss,probabilities
1,C,50,0,"[('A', 0.573269), ('B', 0.192573), ('C', 0.149606), ('D', 0.084552)]"
2,C,60,0,"[('A', 0.357028), ('B', 0.299682), ('D', 0.245071), ('C', 0.098219)]"
3,C,40,50,"[('C', 0.955171), ('D', 0.023272), ('A', 0.015178), ('B', 0.006379)]"
4,D,50,0,"[('C', 0.865721), ('D', 0.058613), ('A', 0.040407), ('B', 0.035258)]"
5,B,100,0,"[('D', 0.891132), ('B', 0.064079), ('C', 0.032082), ('A', 0.012707)]"
6,A,100,0,"[('B', 0.800131), ('D', 0.133472), ('C', 0.04249), ('A', 0.023907)]"
7,C,55,0,"[('B', 0.323583), ('C', 0.247399), ('A', 0.233467), ('D', 0.195552)]"
8,C,55,50,"[('C', 0.747542), ('D', 0.182992), ('B', 0.048349), ('A', 0.021117)]"
9,D,40,0,"[('C', 0.533609), ('D', 0.327633), ('B', 0.08284), ('A', 0.055918)]"
10,A,120,0,"[('B', 0.44478), ('A', 0.253148), ('C', 0.163192), ('D', 0.13888)]"
11,A,80,150,"[('C', 0.895271), ('B', 0.068623), ('A', 0.019777), ('D', 0.016329)]"
12,A,90,0,"[('D', 0.348535), ('C', 0.345485), ('A', 0.163158), ('B', 0.142821)]"
13,A,110,300,"[('C', 0.430664), ('A', 0.389625), ('D', 0.097683), ('B', 0.082028)]"
14,C,45,0,"[('D', 0.450119), ('C', 0.285024), ('B', 0.162747), ('A', 0.10211)]"
15,C,50,50,"[('C', 0.923027), ('D', 0.063298), ('B', 0.008587), ('A', 0.005088)]"
16,C,45,0,"[('C', 0.646369), ('D', 0.313586), ('A', 0.024782), ('B', 0.015264)]"
17,C,60,50,"[('C', 0.688277), ('D', 0.272604), ('A', 0.026563), ('B', 0.012556)]"
18,C,40,50,"[('C', 0.770712), ('D', 0.216211), ('B', 0.006665), ('A', 0.006412)]"
19,D,45,0,"[('C', 0.747031), ('D', 0.222729), ('A', 0.021544), ('B', 0.008697)]"
20,D,45,0,"[('D', 0.928374), ('A', 0.028444), ('C', 0.023979), ('B', 0.019202)]"
21,A,100,0,"[('D', 0.582628), ('A', 0.341463), ('B', 0.063399), ('C', 0.01251)]"
22,B,80,0,"[('A', 0.982377), ('B', 0.009434), ('D', 0.004551), ('C', 0.003638)]"
23,A,80,200,"[('B', 0.96791), ('A', 0.024461), ('C', 0.003953), ('D', 0.003676)]"
24,C,55,0,"[('C', 0.655788), ('A', 0.253671), ('D', 0.070602), ('B', 0.019938)]"
25,C,55,25,"[('C', 0.973068), ('D', 0.015288), ('A', 0.010235), ('B', 0.001409)]"
26,C,65,75,"[('C', 0.904193), ('D', 0.0916), ('A', 0.003249), ('B', 0.000957)]"
27,D,55,0,"[('C', 0.755065), ('D', 0.232141), ('A', 0.008839), ('B', 0.003956)]"
28,D,60,0,"[('D', 0.491683), ('A', 0.472634), ('B', 0.020543), ('C', 0.01514)]"
29,A,120,0,"[('A', 0.842082), ('D', 0.122866), ('B', 0.028126), ('C', 0.006926)]"
30,A,110,250,"[('A', 0.991653), ('B', 0.007101), ('C', 0.00102), ('D', 0.000227)]"
31,A,90,350,"[('C', 0.831207), ('A', 0.146902), ('D', 0.017239), ('B', 0.004652)]"
32,C,45,0,"[('C', 0.848871), ('A', 0.117282), ('D', 0.026214), ('B', 0.007633)]"
33,C,70,25,"[('C', 0.986416), ('D', 0.009825), ('A', 0.003077), ('B', 0.000682)]"
34,C,40,0,"[('C', 0.968097), ('D', 0.030861), ('A', 0.000862), ('B', 0.00018)]"
35,D,40,0,"[('D', 0.978592), ('C', 0.011324), ('A', 0.009768), ('B', 0.000316)]"
36,D,55,0,"[('D', 0.943324), ('A', 0.039701), ('C', 0.015736), ('B', 0.001239)]"
37,D,50,0,"[('D', 0.790207), ('A', 0.096676), ('C', 0.096654), ('B', 0.016463)]"
38,A,110,0,"[('A', 0.85464), ('D', 0.113299), ('B', 0.018753), ('C', 0.013308)]"
39,A,130,350,"[('A', 0.999251), ('B', 0.000613), ('C', 7.9e-05), ('D', 5.7e-05)]"
40,C,50,25,"[('C', 0.7615), ('A', 0.21816), ('D', 0.017061), ('B', 0.003279)]"
41,C,60,75,"[('C', 0.99612), ('D', 0.00324), ('A', 0.000442), ('B', 0.000198)]"
42,A,90,0,"[('D', 0.819102), ('C', 0.175225), ('A', 0.005498), ('B', 0.000174)]"
43,A,100,250,"[('A', 0.98766), ('B', 0.010633), ('C', 0.001402), ('D', 0.000305)]"
44,D,60,250,"[('C', 0.600255), ('A', 0.391109), ('D', 0.005241), ('B', 0.003396)]"
45,A,120,200,"[('C', 0.909909), ('A', 0.082129), ('D', 0.006164), ('B', 0.001797)]"
46,C,70,0,"[('C', 0.769395), ('A', 0.179603), ('D', 0.036254), ('B', 0.014749)]"
47,D,55,0,"[('C', 0.962609), ('A', 0.018094), ('D', 0.017154), ('B', 0.002143)]"
48,D,40,0,"[('D', 0.908437), ('C', 0.080511), ('A', 0.010096), ('B', 0.000956)]"
49,D,60,0,"[('D', 0.952493), ('C', 0.02295), ('A', 0.022315), ('B', 0.002242)]"
50,A,110,0,"[('A', 0.876119), ('D', 0.117512), ('C', 0.004966), ('B', 0.001403)]"
51,A,90,300,"[('A', 0.999565), ('C', 0.000255), ('B', 0.000169), ('D', 1.1e-05)]"
52,C,40,50,"[('C', 0.990321), ('D', 0.004566), ('A', 0.003884), ('B', 0.001229)]"
53,C,60,0,"[('C', 0.925687), ('D', 0.06899), ('A', 0.00517), ('B', 0.000153)]"
54,D,40,0,"[('D', 0.889756), ('C', 0.092792), ('A', 0.017316), ('B', 0.000135)]"
55,D,45,0,"[('D', 0.976406), ('A', 0.017788), ('C', 0.004771), ('B', 0.001035)]"
56,D,55,0,"[('D', 0.991589), ('C', 0.005506), ('A', 0.002484), ('B', 0.000422)]"
57,D,65,0,"[('D', 0.981356), ('A', 0.011175), ('B', 0.006751), ('C', 0.000718)]"
58,D,70,0,"[('D', 0.813765), ('A', 0.148002), ('B', 0.03777), ('C', 0.000463)]"
59,A,130,150,"[('A', 0.992704), ('D', 0.005563), ('B', 0.001692), ('C', 4.1e-05)]"
60,A,120,250,"[('A', 0.694853), ('C', 0.302064), ('B', 0.002617), ('D', 0.000466)]"
61,A,100,0,"[('C', 0.658118), ('A', 0.216998), ('D', 0.122201), ('B', 0.002683)]"
62,A,120,250,"[('A', 0.793971), ('B', 0.201025), ('D', 0.002563), ('C', 0.002441)]"
63,A,140,300,"[('D', 0.874424), ('A', 0.090518), ('C', 0.034274), ('B', 0.000784)]"
64,A,110,0,"[('C', 0.973122), ('A', 0.023597), ('D', 0.001955), ('B', 0.001326)]"
65,A,110,350,"[('A', 0.984994), ('C', 0.013953), ('B', 0.000699), ('D', 0.000354)]"
66,C,65,25,"[('C', 0.966206), ('A', 0.031504), ('B', 0.001199), ('D', 0.00109)]"
67,C,55,0,"[('C', 0.999102), ('A', 0.000615), ('D', 0.000189), ('B', 9.5e-05)]"
68,D,50,0,"[('D', 0.978965), ('C', 0.020746), ('B', 0.000216), ('A', 7.3e-05)]"
69,D,70,275,"[('D', 0.994355), ('A', 0.002661), ('C', 0.002553), ('B', 0.000431)]"
70,A,100,0,"[('C', 0.613205), ('A', 0.38295), ('B', 0.002088), ('D', 0.001757)]"
71,A,120,200,"[('A', 0.996847), ('B', 0.002355), ('C', 0.000729), ('D', 6.8e-05)]"
72,C,80,50,"[('C', 0.950052), ('A', 0.048453), ('B', 0.000988), ('D', 0.000506)]"
73,A,130,250,"[('C', 0.962244), ('D', 0.026045), ('A', 0.01062), ('B', 0.001091)]"
74,A,110,150,"[('C', 0.625544), ('A', 0.366271), ('D', 0.004667), ('B', 0.003519)]"
75,C,40,25,"[('C', 0.585497), ('A', 0.402317), ('D', 0.010525), ('B', 0.00166)]"
76,C,60,50,"[('C', 0.988916), ('D', 0.009812), ('A', 0.001052), ('B', 0.00022)]"
77,C,55,0,"[('D', 0.640209), ('C', 0.345298), ('A', 0.013783), ('B', 0.00071)]"
78,D,60,0,"[('D', 0.998097), ('C', 0.001693), ('A', 0.000118), ('B', 9.2e-05)]"
79,D,55,0,"[('D', 0.684193), ('A', 0.314317), ('B', 0.001264), ('C', 0.000226)]"
80,D,65,0,"[('D', 0.990297), ('A', 0.007602), ('B', 0.001684), ('C', 0.000417)]"
81,D,80,0,"[('D', 0.954248), ('A', 0.040913), ('B', 0.003606), ('C', 0.001233)]"
82,A,140,250,"[('A', 0.974373), ('D', 0.017469), ('B', 0.007727), ('C', 0.000431)]"
83,A,120,0,"[('A', 0.998083), ('C', 0.001554), ('B', 0.000327), ('D', 3.5e-05)]"
84,A,130,350,"[('A', 0.99949), ('B', 0.000502), ('C', 5e-06), ('D', 3e-06)]"
85,C,65,25,"[('C', 0.983441), ('A', 0.015923), ('B', 0.00058), ('D', 5.6e-05)]"
86,C,40,75,"[('C', 0.999794), ('A', 0.000123), ('D', 6.3e-05), ('B', 2e-05)]"
87,A,120,200,"[('C', 0.712149), ('A', 0.206112), ('D', 0.080972), ('B', 0.000767)]"
88,C,80,50,"[('C', 0.997147), ('A', 0.002217), ('D', 0.000441), ('B', 0.000195)]"
89,A,140,250,"[('A', 0.549473), ('C', 0.448641), ('D', 0.001083), ('B', 0.000803)]"
90,A,130,250,"[('A', 0.975804), ('C', 0.023819), ('B', 0.000219), ('D', 0.000159)]"
91,A,110,150,"[('C', 0.51665), ('A', 0.466046), ('D', 0.016164), ('B', 0.00114)]"
92,C,65,25,"[('C', 0.997074), ('D', 0.00149), ('A', 0.001231), ('B', 0.000205)]"
93,C,75,0,"[('C', 0.988624), ('D', 0.010917), ('B', 0.00023), ('A', 0.000229)]"
94,D,40,0,"[('D', 0.991819), ('C', 0.007461), ('A', 0.000462), ('B', 0.000258)]"
95,D,80,0,"[('D', 0.998382), ('A', 0.000801), ('C', 0.000717), ('B', 9.9e-05)]"
96,A,150,0,"[('A', 0.990811), ('D', 0.007776), ('B', 0.001357), ('C', 5.6e-05)]"
97,A,140,150,"[('A', 0.99992), ('B', 5e-05), ('C', 2.5e-05), ('D', 5e-06)]"
98,A,120,300,"[('A', 0.998402), ('C', 0.001316), ('D', 0.000258), ('B', 2.5e-05)]"
99,C,55,25,"[('C', 0.912256), ('A', 0.087178), ('B', 0.000433), ('D', 0.000133)]"
100,C,60,25,"[('C', 0.999916), ('D', 5.5e-05), ('A', 2.6e-05), ('B', 4e-06)]"
