trial,deck,gain,loss,probabilities
1,D,50,0,"[('A', 0.560156), ('B', 0.214999), ('D', 0.159538), ('C', 0.065307)]"
2,A,100,0,"[('B', 0.370102), ('C', 0.339754), ('A', 0.222969), ('D', 0.067176)]"
3,D,40,0,"[('C', 0.367868), ('A', 0.26822), ('D', 0.226869), ('B', 0.137043)]"
4,D,45,0,"[('C', 0.407438), ('D', 0.313148), ('B', 0.171076), ('A', 0.108338)]"
5,B,100,0,"[('D', 0.462136), ('C', 0.362016), ('B', 0.111419), ('A', 0.064428)]"
6,C,50,0,"[('C', 0.476574), ('B', 0.387287), ('D', 0.093217), ('A', 0.042922)]"
7,B,80,0,"[('C', 0.55888), ('B', 0.200756), ('D', 0.188405), ('A', 0.051959)]"
8,A,120,0,"[('B', 0.39553), ('C', 0.311019), ('D', 0.243014), ('A', 0.050436)]"
9,C,60,0,"[('C', 0.370827), ('D', 0.283337), ('B', 0.247424), ('A', 0.098412)]"
10,C,40,50,"[('C', 0.836072), ('D', 0.102756), ('B', 0.05292), ('A', 0.008253)]"
11,C,55,0,"[('C', 0.337025), ('B', 0.313085), ('A', 0.202362), ('D', 0.147528)]"
12,D,45,0,"[('C', 0.722547), ('D', 0.171505), ('B', 0.092446), ('A', 0.013502)]"
13,A,80,150,"[('D', 0.480733), ('B', 0.325325), ('C', 0.101999), ('A', 0.091943)]"
14,C,55,50,"[('C', 0.741666), ('B', 0.124804), ('A', 0.066981), ('D', 0.066549)]"
15,C,45,0,"[('C', 0.747082), ('D', 0.13149), ('B', 0.066529), ('A', 0.054899)]"
16,C,50,50,"[('D', 0.442322), ('C', 0.300129), ('A', 0.141775), ('B', 0.115774)]"
17,C,45,0,"[('C', 0.811977), ('D', 0.087024), ('B', 0.052979), ('A', 0.04802)]"
18,C,60,50,"[('C', 0.820982), ('D', 0.120722), ('A', 0.035422), ('B', 0.022874)]"
19,C,40,50,"[('C', 0.795476), ('D', 0.114173), ('A', 0.057681), ('B', 0.03267)]"
20,C,55,0,"[('C', 0.890909), ('A', 0.065557), ('B', 0.034439), ('D', 0.009095)]"
21,A,90,0,"[('C', 0.590024), ('D', 0.297034), ('A', 0.068223), ('B', 0.044718)]"
22,D,55,0,"[('A', 0.496492), ('C', 0.358315), ('D', 0.126325), ('B', 0.018869)]"
23,D,60,0,"[('D', 0.765155), ('A', 0.114315), ('B', 0.104175), ('C', 0.016354)]"
24,D,40,0,"[('D', 0.778323), ('A', 0.156161), ('B', 0.062252), ('C', 0.003265)]"
25,D,55,0,"[('D', 0.908946), ('A', 0.062192), ('B', 0.020146), ('C', 0.008715)]"
26,B,110,0,"[('D', 0.680406), ('A', 0.18739), ('B', 0.098423), ('C', 0.033781)]"
27,B,120,0,"[('B', 0.854346), ('A', 0.10302), ('C', 0.040182), ('D', 0.002452)]"
28,B,90,0,"[('B', 0.935784), ('A', 0.05446), ('C', 0.008912), ('D', 0.000844)]"
29,B,100,0,"[('B', 0.987862), ('A', 0.005119), ('C', 0.003979), ('D', 0.00304)]"
30,B,90,0,"[('B', 0.984355), ('A', 0.007755), ('C', 0.005716), ('D', 0.002175)]"
31,B,120,0,"[('B', 0.990941), ('D', 0.005538), ('C', 0.002714), ('A', 0.000807)]"
32,B,110,1250,"[('B', 0.990226), ('D', 0.00471), ('C', 0.003195), ('A', 0.001868)]"
33,C,55,25,"[('C', 0.676614), ('A', 0.247617), ('D', 0.054416), ('B', 0.021354)]"
34,C,65,75,"[('C', 0.990098), ('D', 0.005518), ('A', 0.003595), ('B', 0.000789)]"
35,C,45,0,"[('C', 0.968102), ('A', 0.024219), ('D', 0.006133), ('B', 0.001546)]"
36,C,70,25,"[('C', 0.949254), ('A', 0.040528), ('D', 0.008875), ('B', 0.001343)]"
37,C,40,0,"[('C', 0.997009), ('D', 0.002059), ('A', 0.000626), ('B', 0.000306)]"
38,C,50,25,"[('C', 0.992512), ('A', 0.004755), ('D', 0.002108), ('B', 0.000625)]"
39,C,60,75,"[('C', 0.998595), ('A', 0.000766), ('B', 0.000329), ('D', 0.000309)]"
40,C,70,0,"[('C', 0.984865), ('A', 0.013053), ('D', 0.001522), ('B', 0.00056)]"
41,A,110,300,"[('A', 0.943453), ('D', 0.052192), ('B', 0.002601), ('C', 0.001754)]"
42,D,50,0,"[('C', 0.961524), ('D', 0.018239), ('A', 0.011119), ('B', 0.009118)]"
43,A,100,0,"[('D', 0.972556), ('A', 0.019412), ('B', 0.004617), ('C', 0.003415)]"
44,A,80,200,"[('A', 0.859405), ('D', 0.088798), ('B', 0.034579), ('C', 0.017218)]"
45,C,40,50,"[('C', 0.918243), ('D', 0.054614), ('A', 0.015082), ('B', 0.01206)]"
46,C,60,0,"[('C', 0.995497), ('A', 0.002378), ('D', 0.001852), ('B', 0.000272)]"
47,C,65,25,"[('C', 0.791165), ('A', 0.138395), ('D', 0.0494), ('B', 0.02104)]"
48,C,55,0,"[('C', 0.991256), ('B', 0.004227), ('D', 0.003158), ('A', 0.001358)]"
49,A,120,0,"[('A', 0.8706), ('D', 0.086341), ('B', 0.041956), ('C', 0.001103)]"
50,A,110,250,"[('A', 0.668408), ('B', 0.27241), ('D', 0.056189), ('C', 0.002993)]"
51,C,80,50,"[('C', 0.836173), ('D', 0.14622), ('B', 0.012704), ('A', 0.004903)]"
52,C,40,25,"[('C', 0.994386), ('D', 0.003344), ('A', 0.001159), ('B', 0.001112)]"
53,C,60,50,"[('C', 0.994157), ('D', 0.004746), ('B', 0.000633), ('A', 0.000464)]"
54,C,55,0,"[('C', 0.994713), ('A', 0.00221), ('D', 0.002027), ('B', 0.00105)]"
55,A,90,350,"[('A', 0.964603), ('B', 0.020757), ('D', 0.014087), ('C', 0.000553)]"
56,C,65,25,"[('C', 0.769998), ('D', 0.223405), ('B', 0.004381), ('A', 0.002216)]"
57,C,40,75,"[('C', 0.995689), ('A', 0.002757), ('B', 0.000819), ('D', 0.000734)]"
58,C,80,50,"[('C', 0.976564), ('A', 0.0176), ('D', 0.00559), ('B', 0.000247)]"
59,C,65,25,"[('C', 0.997593), ('D', 0.001216), ('A', 0.001022), ('B', 0.000168)]"
60,C,75,0,"[('C', 0.998108), ('D', 0.001228), ('A', 0.000511), ('B', 0.000152)]"
61,A,110,0,"[('A', 0.993351), ('B', 0.005384), ('D', 0.001216), ('C', 4.8e-05)]"
62,A,130,350,"[('A', 0.906474), ('D', 0.073602), ('B', 0.015019), ('C', 0.004905)]"
63,C,55,25,"[('C', 0.95579), ('D', 0.040696), ('B', 0.003029), ('A', 0.000484)]"
64,C,60,25,"[('C', 0.99877), ('A', 0.000547), ('D', 0.000355), ('B', 0.000328)]"
65,C,70,25,"[('C', 0.998766), ('D', 0.001204), ('B', 1.8e-05), ('A', 1.1e-05)]"
66,C,65,0,"[('C', 0.97815), ('A', 0.016152), ('B', 0.003843), ('D', 0.001855)]"
67,A,90,0,"[('A', 0.972683), ('B', 0.018135), ('D', 0.008648), ('C', 0.000534)]"
68,A,100,250,"[('A', 0.974822), ('D', 0.023344), ('C', 0.00092), ('B', 0.000914)]"
69,C,55,75,"[('C', 0.980766), ('B', 0.010369), ('D', 0.008599), ('A', 0.000266)]"
70,C,75,25,"[('C', 0.980637), ('A', 0.010977), ('B', 0.005584), ('D', 0.002802)]"
71,C,45,50,"[('C', 0.999825), ('B', 6.2e-05), ('A', 6e-05), ('D', 5.3e-05)]"
72,C,85,75,"[('C', 0.999369), ('D', 0.00055), ('A', 5.8e-05), ('B', 2.3e-05)]"
73,C,70,25,"[('C', 0.990087), ('A', 0.006817), ('D', 0.002359), ('B', 0.000737)]"
74,C,80,0,"[('C', 0.987749), ('A', 0.008602), ('B', 0.00207), ('D', 0.001578)]"
75,A,120,200,"[('A', 0.994745), ('D', 0.002997), ('B', 0.002206), ('C', 5.2e-05)]"
76,C,60,25,"[('C', 0.94935), ('D', 0.018538), ('A', 0.016433), ('B', 0.015679)]"
77,C,65,25,"[('C', 0.998894), ('A', 0.000501), ('D', 0.000468), ('B', 0.000137)]"
78,C,75,25,"[('C', 0.993477), ('D', 0.006208), ('B', 0.000268), ('A', 4.7e-05)]"
79,C,70,25,"[('C', 0.997078), ('B', 0.001507), ('A', 0.000744), ('D', 0.00067)]"
80,C,60,75,"[('C', 0.999829), ('D', 0.000158), ('B', 8e-06), ('A', 5e-06)]"
81,C,80,25,"[('C', 0.991647), ('A', 0.006423), ('D', 0.001707), ('B', 0.000223)]"
82,C,50,50,"[('C', 0.991505), ('B', 0.005024), ('D', 0.002018), ('A', 0.001453)]"
83,C,90,75,"[('C', 0.999713), ('A', 0.000138), ('B', 9.5e-05), ('D', 5.4e-05)]"
84,C,75,25,"[('C', 0.994849), ('D', 0.003246), ('B', 0.001265), ('A', 0.000641)]"
85,C,85,25,"[('C', 0.999457), ('A', 0.00025), ('B', 0.000199), ('D', 9.4e-05)]"
86,C,65,25,"[('C', 0.999065), ('B', 0.000361), ('A', 0.000323), ('D', 0.000251)]"
87,C,70,25,"[('C', 0.999525), ('D', 0.00037), ('A', 7.6e-05), ('B', 2.9e-05)]"
88,C,80,25,"[('C', 0.999774), ('D', 0.000146), ('B', 4.9e-05), ('A', 3.1e-05)]"
89,C,75,25,"[('C', 0.999394), ('D', 0.000334), ('A', 0.000141), ('B', 0.000131)]"
90,C,65,75,"[('C', 0.993631), ('A', 0.004926), ('B', 0.00137), ('D', 7.3e-05)]"
91,A,110,0,"[('C', 0.97472), ('A', 0.019465), ('D', 0.004421), ('B', 0.001394)]"
92,A,90,300,"[('A', 0.976092), ('D', 0.019302), ('C', 0.002625), ('B', 0.001981)]"
93,C,85,25,"[('C', 0.974682), ('D', 0.023639), ('B', 0.001502), ('A', 0.000178)]"
94,C,55,50,"[('C', 0.999958), ('A', 2.8e-05), ('B', 8e-06), ('D', 5e-06)]"
95,C,95,75,"[('C', 0.998205), ('D', 0.0009), ('A', 0.000719), ('B', 0.000176)]"
96,B,80,0,"[('D', 0.394081), ('A', 0.354059), ('B', 0.251552), ('C', 0.000307)]"
97,B,110,0,"[('B', 0.94259), ('A', 0.029153), ('D', 0.028221), ('C', 3.6e-05)]"
98,A,130,150,"[('A', 0.851802), ('B', 0.108129), ('D', 0.040047), ('C', 2.2e-05)]"
99,D,60,250,"[('A', 0.657185), ('D', 0.189458), ('B', 0.153271), ('C', 8.5e-05)]"
100,A,120,250,"[('B', 0.519118), ('A', 0.425097), ('D', 0.055738), ('C', 4.8e-05)]"
